 H   ELECTRON DENSITY    TEMPERATURES      ION PERCENTAGES[%]*10     1E16m-2
    km    Ne/cm-3 Ne/NmF2 Tn/K  Ti/K  Te/K  O+  N+  H+ He+ O2+ NO+ Clust TEC t/%
   98.0 0.3952E+05 0.031   160   160   160   0   0   0   0 336 664  -1  35.5  59
   99.0 0.4411E+05 0.034   159   159   159   0   0   0   0 357 643  -1  35.5  59
  100.0 0.4817E+05 0.037   159   159   159   0   0   0   0 381 619  -1  35.5  59
  101.0 0.5162E+05 0.040   161   161   161   0   0   0   0 404 596  -1  35.5  59
  102.0 0.5442E+05 0.042   164   164   164   0   0   0   0 424 576  -1  35.5  59
  103.0 0.5659E+05 0.044   168   168   168   0   0   0   0 437 562  -1  35.5  59
  104.0 0.5818E+05 0.045   174   174   174   0   0   0   0 446 554  -1  35.5  59
  105.0 0.5926E+05 0.046   180   180   180   0   0   0   0 449 551  -1  35.5  59
  106.0 0.5994E+05 0.046   189   189   189   0   0   0   0 447 553  -1  35.5  59
  107.0 0.6031E+05 0.047   198   198   198   0   0   0   0 442 558  -1  35.5  59
  108.0 0.6048E+05 0.047   209   209   209   0   0   0   0 434 566  -1  35.5  59
  109.0 0.6053E+05 0.047   221   221   221   0   0   0   0 423 577  -1  35.5  59
  110.0 0.6054E+05 0.047   234   234   234   0   0   0   0 411 589  -1  35.5  59
  111.0 0.6003E+05 0.046   247   247   247   0   0   0   0 396 603  -1  35.5  59
  112.0 0.5863E+05 0.045   262   262   262   0   0   0   0 378 621  -1  35.5  59
  113.0 0.5666E+05 0.044   277   277   277   0   0   0   0 358 641  -1  35.5  59
  114.0 0.5451E+05 0.042   292   292   292   0   0   0   0 338 661  -1  35.5  59
  115.0 0.5263E+05 0.041   308   308   308   0   0   0   0 320 679  -1  35.5  59
  116.0 0.5141E+05 0.040   325   325   325   0   0   0   0 305 694  -1  35.5  59
  
  