[2.84146296e+08 2.51632862e+08 1.62996816e+08 1.49897596e+08
 1.33358741e+08 3.82999545e+08 3.13728178e+08 1.93322940e+08
 2.76212194e+08 2.80755919e+08 9.73292712e+07 2.90557187e+08
 2.33802391e+08 2.62047567e+08 3.08636576e+08 2.18838649e+02
 5.25625544e+08 2.58989550e+08 2.39230303e+08 4.07207780e+08
 2.97138469e+02 2.97127909e+08 2.57994486e+08 3.34629021e+08
 4.99960825e+08 1.87835605e+08 5.24073353e+08 4.48543940e+08
 2.36038997e+08 3.16901961e+08 4.18234235e+02 4.54837520e+08
 2.22640272e+08 1.73789018e+08 3.41240499e+08 1.74548242e+08
 4.81632360e+08 2.63338654e+08 1.27332076e+08 3.69759136e+08
 3.13231048e+08 1.64480914e+02 5.93915378e+08 2.68099478e+08
 1.53764598e+08 1.69670680e+08 8.77681271e+07 2.41671654e+08
 3.45682264e+08 5.11348830e+08 1.70360506e+08 3.19158993e+08
 3.14963079e+08 1.58702822e+08 1.31343810e+08 9.95942783e+02
 3.00810672e+08 2.71849831e+08 2.83362784e+08 1.08443039e+08
 3.42329338e+08 1.02502573e+03 5.50146338e+08 7.98704007e+02
 1.04472051e+03 8.00558374e+02 1.13782907e+03 1.32508250e+03
 8.04311622e+02 7.79650306e+02 4.70510917e+08 4.51428352e+08
 9.74967015e+07 5.59125115e+08 3.59457518e+08 1.44209145e+08
 3.55567916e+08 4.31927510e+08 1.67007958e+08 6.00807988e+08
 5.45292430e+08 7.00198659e+07 3.89821016e+08 4.27591920e+08
 1.66410349e+08 6.74564816e+08 6.78751616e+08 1.57676141e+08
 1.75422207e+08 5.02590156e+08 4.56447048e+08 7.46704991e+08
 6.27902994e+08 1.18119219e+08 3.72418805e+08 1.11255878e+03
 2.84092469e+08 5.81675331e+08 6.37026002e+08 9.75506363e+07
 7.74825836e+08 1.12945985e+08 6.60455734e+07 6.29045294e+08
 9.11354243e+07 3.50909219e+08 7.30496201e+08 3.50151851e+08
 5.20341887e+08 6.87880141e+08 5.11774868e+08 1.22117912e+08
 3.74851300e+08 2.41281970e+08 1.22573880e+08 5.46031658e+08
 2.33072257e+08 4.18451706e+08 2.64913451e+08 5.31817237e+08
 2.09541798e+02 4.60832279e+08 9.09115584e+08 3.51775067e+08
 1.22603070e+08 2.89720011e+08 7.22514400e+08 7.50954292e+07
 8.60147988e+08 5.16087068e+08 1.75246244e+08 5.60849555e+08
 5.28457221e+08 1.52295101e+08 6.63927213e+08 9.03423726e+08
 2.47337683e+08 2.30510054e+08 5.08806275e+08 6.02370037e+02
 3.36031547e+08 6.94181894e+08 8.24865989e+08 4.11767969e+08
 1.51325516e+08 7.84691358e+08 6.65244722e+08 4.79565315e+08
 7.17917392e+08 1.17922421e+08 5.22749399e+08 7.05545523e+08
 3.70850571e+08 7.51347563e+08 4.36277801e+08 2.08421504e+08
 6.30950831e+08 5.67983307e+08 2.27564481e+08 7.64496926e+08
 7.01722849e+08 9.21271404e+07 5.66561043e+08 5.82959378e+08
 1.77812981e+02 2.07321995e+08 1.09176217e+09 4.36107262e+08
 1.39044351e+08 4.79760607e+08 6.47024341e+08 3.31375922e+08
 7.17595263e+02 8.07552623e+08 1.63086400e+08 3.89715289e+08
 7.36333399e+08 3.91756735e+08 4.96998219e+08 8.69724017e+08
 3.17884722e+08 2.63842441e+08 7.10150041e+08 5.06811844e+08
 4.20995166e+02 9.71943867e+08 5.92551597e+08 8.86563635e+07
 5.40152581e+08 9.47211805e+02 3.32489607e+08 8.23137418e+08
 7.77552528e+08 1.58758046e+08 4.90229879e+08 9.35969854e+08
 5.28707648e+08 6.29934241e+08 7.20110633e+08 4.49997480e+08
 3.39406103e+08 8.82659717e+08 6.16796266e+08 6.62597345e+08
 9.17189495e+08 3.58950620e+08 2.34634388e+08 7.31173223e+08
 6.59701591e+08 2.80162337e+02 7.43694502e+08 2.22568351e+08
 4.39200851e+08 7.13984999e+02 2.62854459e+02 8.24790656e+08
 4.19033833e+08 6.10736111e+08 5.61058547e+02 6.82322406e+08
 9.07638296e+08 2.52457691e+08 2.98395242e+08 6.97920044e+08
 6.76742841e+07 1.84733803e+03 2.05868830e+02 4.68060717e+02
 7.50691744e+02 3.13596122e+08 8.16180778e+08 7.77433784e+08
 1.51512985e+08 7.99427702e+08 6.23404426e+08 8.69172007e+08
 7.95882805e+08 1.45691734e+08 7.62524102e+08 4.44779135e+02
 5.84179447e+08 7.81620523e+08 1.16157089e+08 5.91152441e+08
 2.59182306e+02 1.01736275e+09 6.44156306e+08 2.06808155e+08
 5.53903535e+08 7.51197414e+02 4.94966206e+02 8.00253554e+08
 1.01488194e+09 1.82343256e+08 4.82095006e+08 8.81889958e+08
 4.92863460e+08 3.61614587e+08 1.75661335e+09 9.74791907e+08
 3.34079762e+08 2.71749881e+08 9.80475022e+08 3.40065078e+02
 5.87133619e+07 1.34150428e+09 4.63678476e+08 4.79636977e+08
 1.08829884e+09 2.52763420e+08 8.82155369e+08 2.61691430e+08
 5.08276508e+08 7.53054916e+08 1.48766440e+08 8.59648564e+08
 9.34200587e+08 3.84004237e+08 2.35980375e+08 8.00489572e+08
 3.06019908e+02 8.94414942e+08 1.13961421e+09 2.94714182e+08
 4.20688390e+08 7.90157888e+08 4.16665282e+08 1.00574167e+09
 9.88508424e+08 2.15145511e+08 5.63831813e+08 1.07596899e+09
 6.98329357e+08 5.53334665e+08 1.08796804e+09 6.09956367e+08
 4.33278447e+08 9.66438634e+08 4.73171619e+08 1.45407296e+09
 6.33639602e+08 1.94444314e+08 7.68813279e+08 8.91008550e+08
 2.95764172e+08]
