[2.75905293e+08 2.63301815e+08 1.54314180e+08 1.85820322e+08
 1.83054606e+08 3.43185652e+08 3.03747632e+08 2.00731608e+08
 3.09233291e+08 3.53624732e+08 3.98327488e+08 5.58024429e+08
 3.18988339e+08 2.60469512e+08 4.95648772e+08 2.45248797e+02
 5.32070949e+08 3.10361669e+08 2.80502793e+08 5.06147112e+08
 5.56640781e+08 5.12398242e+08 2.93529824e+08 4.35151162e+08
 4.26902952e+08 2.11818535e+08 5.77341674e+08 4.81455146e+08
 3.03580284e+08 3.65123915e+08 6.69295022e+07 5.45998658e+08
 2.97288525e+08 1.52588353e+08 5.23676221e+08 2.46140514e+08
 6.39552239e+08 2.64141454e+08 1.50767293e+08 5.09295601e+08
 4.29240554e+08 1.80004752e+08 7.33131431e+08 4.73148480e+08
 1.67461837e+08 1.87170883e+08 1.26826997e+08 3.06175078e+08
 4.89054776e+08 5.44999954e+08 2.41240683e+08 3.83057880e+08
 3.13860085e+08 1.70542177e+08 3.43067598e+08 5.73178853e+08
 3.08597670e+08 2.97321634e+08 5.01302441e+08 9.38338684e+07
 4.46517589e+08 1.11271725e+03 5.65536044e+08 8.66255046e+02
 1.13339800e+03 8.65999054e+02 1.22604561e+03 1.43366400e+03
 8.70080313e+02 8.47281166e+02 4.92526028e+08 4.30881265e+08
 1.14552165e+08 7.28779526e+08 3.81562766e+08 1.84519372e+08
 4.05600322e+08 4.82874826e+08 2.25308511e+08 8.07000634e+08
 6.03187613e+08 1.45470230e+08 4.98744506e+08 6.55747938e+08
 1.92435692e+08 8.85729435e+08 6.49166414e+08 1.80123277e+08
 1.95804700e+08 6.21228372e+08 5.61309635e+08 9.32030142e+08
 8.02395790e+08 1.07301108e+08 4.11375040e+08 8.56763458e+08
 3.50588354e+08 5.67640561e+08 6.64854634e+08 1.27436408e+08
 7.42902224e+08 2.03053352e+08 8.09641788e+08 6.48432164e+08
 9.49437995e+07 3.84525440e+08 1.17258233e+03 4.42292611e+08
 5.52610731e+08 7.42436438e+08 5.43821428e+08 1.39729935e+08
 4.11499879e+08 7.16155091e+02 1.99050797e+08 7.22721784e+08
 7.08226388e+08 5.39149458e+08 2.41679063e+08 5.87008782e+08
 2.10087036e+02 4.39581076e+08 8.45971852e+08 3.45229439e+08
 1.11385935e+08 5.41525455e+08 6.90341243e+08 5.45184242e+08
 8.76157883e+08 4.93707294e+08 1.60378363e+08 6.62287270e+08
 7.65544465e+08 1.57330482e+08 4.57600473e+02 8.75017001e+08
 2.04195076e+08 2.94279756e+08 5.43921936e+08 8.25347353e+02
 2.77777444e+02 8.32376372e+08 8.71684883e+08 4.67747993e+08
 1.60292463e+08 1.02918560e+09 9.21177308e+02 7.56626289e+08
 7.83377856e+08 1.21639334e+08 4.81355117e+08 7.01147519e+08
 4.14754077e+08 6.73313858e+08 4.31661732e+08 2.48101708e+08
 6.41978734e+08 7.56540660e+08 3.32581086e+02 1.09685290e+09
 6.99263754e+08 1.07303105e+08 6.17919738e+08 9.35829192e+02
 2.13705060e+02 9.63076388e+08 1.13229921e+09 4.02998703e+08
 1.76036967e+08 5.01300021e+08 6.51695226e+02 4.22489281e+08
 8.22561060e+02 7.60159373e+08 1.74398775e+08 4.26554119e+08
 7.64046758e+08 1.87614780e+08 6.62921076e+08 7.73701245e+08
 3.43429931e+08 3.34726544e+08 7.37271535e+08 4.97319995e+08
 3.07687163e+08 1.03063363e+09 7.71897384e+08 3.95044798e+07
 5.22492027e+08 6.54373034e+02 4.03557726e+08 1.16993568e+09
 7.55088565e+08 1.19540120e+08 4.21809331e+08 9.99200333e+08
 4.74566529e+02 5.58892382e+02 9.28146358e+08 4.30745093e+08
 3.44950378e+08 8.99168090e+08 4.30759684e+02 7.56770860e+08
 9.08359161e+08 3.27082990e+08 3.15950548e+08 1.06796867e+09
 7.50817633e+08 3.44772478e+02 1.06644860e+09 2.51583471e+08
 4.30654312e+08 7.71722141e+08 3.64777658e+02 8.71446141e+08
 4.61868159e+08 6.84179724e+08 6.61675063e+08 8.13558463e+08
 9.22810277e+08 2.82542338e+08 4.56358801e+08 8.51607821e+08
 9.59758585e+07 2.00238200e+03 3.30543260e+08 4.44538174e+08
 1.01382968e+09 4.15987319e+08 1.09965174e+09 7.70963983e+08
 1.46537078e+08 8.95920040e+08 5.54538382e+02 9.95208852e+08
 8.13254369e+08 1.41739720e+08 8.71782631e+08 5.83628790e+02
 8.87082296e+08 9.20347207e+08 1.01391381e+08 7.11975446e+08
 2.47019255e+08 7.76161221e+08 7.33347119e+08 2.31856123e+08
 8.27262218e+08 6.91554632e+02 5.37528784e+02 1.02830768e+09
 1.03040100e+09 1.78053203e+08 4.84826935e+08 8.16146855e+08
 6.00420606e+08 6.81247687e+08 8.24995345e+08 8.98672575e+08
 3.29805455e+08 5.17752812e+08 1.04324288e+09 3.56823931e+02
 5.49230678e+08 1.22554833e+09 4.90731157e+08 4.80016157e+08
 9.08969901e+08 2.30115642e+02 1.39241312e+09 2.04593636e+08
 5.57274464e+08 8.46839036e+02 1.76372073e+08 1.27145470e+09
 7.94998573e+08 4.03077541e+08 2.24636790e+08 1.34717906e+09
 3.91728026e+02 1.40156843e+09 1.12858948e+09 2.89852104e+08
 4.09786192e+08 1.40594469e+09 6.24996192e+08 8.67535541e+08
 1.04977020e+09 2.32882364e+08 6.44955004e+08 1.24186173e+09
 6.66288874e+08 1.03228361e+09 1.07589825e+09 6.52236376e+08
 3.81979897e+08 1.27109096e+09 7.54499528e+08 1.43218342e+09
 5.96033515e+08 1.86790009e+08 8.67399100e+08 1.06018387e+09
 4.05856529e+08]
