[2.67570174e+08 2.31195660e+08 1.86152458e+08 1.72047792e+08
 1.73720336e+08 4.25539294e+08 3.16073416e+08 2.45223603e+08
 2.83360584e+08 2.89096498e+08 1.35700282e+09 4.89301199e+08
 2.09044151e+08 3.04039730e+08 4.05892100e+08 3.19650828e+08
 5.41507787e+08 3.71678301e+08 2.82549495e+08 3.69092503e+08
 4.34178914e+08 5.97553800e+08 2.11389478e+08 3.73387484e+08
 4.82616798e+08 1.54241237e+08 5.79267839e+08 3.50026833e+08
 2.38572313e+08 3.79044087e+08 4.55869051e+02 5.20800390e+08
 2.56258433e+08 1.68960056e+08 3.98842275e+08 1.39982619e+02
 5.43416448e+08 2.30092570e+08 1.34720712e+08 3.34280239e+08
 4.10612960e+08 1.62548481e+08 4.89367724e+08 5.07538136e+08
 1.73586212e+08 1.81765190e+08 1.10550828e+08 2.92483356e+08
 3.86720078e+08 5.05859292e+08 2.98595726e+08 2.79704628e+08
 3.88429820e+08 1.22602673e+08 3.79951518e+08 6.18444621e+02
 2.80341745e+08 3.02240324e+08 4.28632943e+08 1.41471276e+08
 3.85465149e+08 1.06991740e+03 4.42873937e+08 8.33274785e+02
 1.09012367e+03 8.34025725e+02 1.18290064e+03 1.38063240e+03
 8.37959861e+02 8.14267419e+02 4.78601498e+08 4.36103510e+08
 1.01051553e+08 4.64007361e+08 3.70076655e+08 1.57776504e+08
 3.79565196e+08 5.12242395e+08 2.09425725e+08 7.36977321e+08
 5.25919221e+08 7.83355734e+07 4.19677687e+08 6.85856796e+08
 1.79135661e+08 7.18801681e+08 6.28355679e+08 1.67417560e+08
 1.92591420e+08 5.86936362e+08 4.13777306e+08 7.95793351e+08
 8.12551002e+08 1.07157245e+08 3.18609409e+08 7.21027233e+08
 2.85306563e+08 6.62192397e+08 7.38349740e+08 1.06827425e+08
 7.39513111e+08 1.80410179e+08 7.74151179e+02 5.91585834e+08
 8.96892250e+07 4.39689898e+08 6.72062255e+08 4.36446363e+08
 6.33681451e+08 6.69174521e+08 4.67047841e+08 1.34974835e+08
 4.03211179e+08 4.13481615e+07 1.99391287e+08 5.95800536e+08
 6.62031729e+08 4.95297226e+08 2.65265216e+08 5.89892509e+08
 3.20021450e+02 5.18383766e+08 6.61476300e+08 3.56237265e+08
 1.35280756e+08 4.02026906e+08 6.80164687e+08 5.11076049e+08
 9.09059343e+08 5.95780240e+08 1.84172610e+08 6.38170807e+08
 6.09565359e+08 1.77316466e+08 7.44773551e+08 9.28931768e+08
 2.44252196e+08 2.67114381e+08 6.81075872e+08 7.43458132e+02
 2.35525716e+02 7.56743412e+08 8.03342044e+08 4.65733870e+08
 1.49578231e+08 6.50556021e+08 5.72437865e+08 3.25906053e+02
 8.54560390e+08 1.40167578e+08 5.34801660e+08 6.43232534e+02
 2.96419038e+08 8.49359655e+08 4.49998689e+08 1.91847375e+08
 5.94355778e+08 7.79045816e+08 3.11854958e+08 9.56419499e+08
 6.96259103e+08 9.73062770e+07 5.61091735e+08 5.99013513e+08
 2.00158248e+02 8.18219163e+08 9.92324086e+08 1.02925646e+08
 1.56890408e+08 5.49012073e+08 7.15400754e+08 3.63908152e+08
 7.58785651e+02 9.19789576e+08 1.82539821e+08 4.49973411e+08
 9.76908199e+08 4.42917003e+08 5.48589036e+08 9.03347221e+08
 3.37579512e+08 3.56846421e+08 6.42175650e+08 4.75743105e+08
 2.66033628e+08 9.98971424e+08 7.47637564e+08 8.96285501e+07
 4.90033636e+08 5.53214186e+02 3.67311002e+08 8.61745911e+08
 7.45729645e+08 1.32000566e+08 3.51222678e+08 1.12636067e+09
 6.76457044e+08 7.11076006e+08 1.07223191e+09 4.48157248e+08
 3.81409331e+08 8.34401878e+08 3.43734648e+02 8.08411527e+08
 8.45158112e+08 3.21706029e+08 2.59171064e+08 8.70414834e+08
 6.98564169e+08 4.60887886e+02 8.78651849e+08 2.40563135e+08
 5.30600372e+08 8.20512281e+02 3.73317888e+08 7.58542354e+08
 4.11736351e+08 7.65543853e+08 6.54842057e+08 8.96595185e+08
 8.05193297e+08 1.78301233e+08 3.67543277e+08 7.82843431e+08
 2.70937235e+08 1.92674980e+03 4.75516252e+08 4.76445260e+07
 8.28050794e+02 4.26090478e+08 9.40168469e+08 7.38507689e+08
 8.86976011e+07 8.95013331e+08 7.92769454e+02 8.44850543e+08
 9.56562015e+08 1.42503887e+08 6.17448217e+08 5.08142923e+02
 7.20316605e+08 9.20158352e+08 1.26073591e+08 6.88328561e+08
 1.98528180e+02 9.72331592e+08 6.40195569e+08 2.42342625e+08
 1.15778756e+09 7.63233952e+02 2.91861436e+08 1.06612766e+09
 1.04026719e+09 1.70795832e+08 4.50579264e+08 1.05838290e+09
 5.53397081e+08 6.94222943e+08 1.26380670e+09 1.05468753e+09
 3.07082158e+08 6.16451358e+08 1.10526558e+09 3.49460422e+02
 5.89738220e+08 1.15804433e+09 5.50423585e+08 4.47487947e+08
 9.42658775e+08 2.14491773e+02 9.73648020e+08 2.03333559e+08
 4.83350825e+08 9.28346048e+08 1.91616396e+08 1.08781545e+09
 8.25833215e+08 4.02498904e+08 2.15999272e+08 1.29506721e+09
 4.48459639e+02 1.14331746e+09 1.01514808e+09 2.60859678e+08
 5.43164937e+08 1.36216464e+09 5.78817950e+08 8.90122804e+08
 1.11121214e+09 2.28383558e+08 1.26549465e+09 1.41149530e+09
 9.62002264e+02 7.15024548e+08 9.86841920e+08 6.03167623e+08
 4.88646272e+08 1.00076163e+09 6.41972129e+08 1.29268027e+09
 5.97008833e+08 2.07474457e+08 8.85352250e+08 1.00868315e+09
 3.93965801e+08]
