[2.33446743e+08 2.57292711e+08 1.51492388e+08 1.68852246e+08
 1.20595542e+08 2.39890943e+08 2.83435572e+08 1.58449944e+08
 1.93385677e+08 1.73343893e+08 4.96065107e+08 3.50865998e+08
 1.39938834e+08 2.57440995e+08 2.73655221e+08 2.36358371e+02
 4.74084727e+08 2.04971474e+08 2.32526508e+08 2.56246733e+08
 1.97460213e+02 4.96286250e+08 3.73022609e+08 2.65109619e+08
 2.70593852e+08 1.89031324e+02 5.32397543e+08 3.60685936e+08
 2.77388593e+08 3.15000084e+08 1.64749899e+02 4.11744400e+08
 2.00506529e+08 1.67084805e+08 3.46988429e+08 1.41327892e+02
 4.34444664e+08 1.48971014e+08 1.10442263e+08 3.29806475e+08
 2.60723252e+08 1.02629345e+02 4.78259730e+08 3.78194153e+08
 1.41764135e+08 8.92618503e+07 3.30163317e+08 1.67687536e+08
 5.01987669e+02 4.15570371e+08 1.63555977e+08 4.34655225e+02
 2.29545504e+08 4.32166028e+07 1.53412826e+08 3.68043587e+08
 2.45863950e+08 2.42883810e+07 3.42878819e+08 2.51141693e+08
 3.29717607e+08 9.27320265e+02 4.20585769e+08 7.23522047e+02
 9.45861714e+02 7.27904396e+02 1.04029926e+03 1.20440595e+03
 7.31128040e+02 7.04340317e+02 4.59910915e+08 3.03706741e+02
 8.03524589e+07 4.54505429e+08 2.97586548e+08 1.27096263e+08
 2.22957426e+08 2.92399764e+08 1.74393851e+08 4.57194286e+08
 4.35564357e+08 5.71888099e+07 3.44721788e+08 4.22146456e+08
 1.22307791e+08 5.24287205e+08 5.07794692e+08 1.70684272e+08
 1.59844820e+08 8.47519952e+08 3.90630984e+08 4.36402088e+08
 5.70935233e+08 8.12266601e+07 2.57849580e+08 5.07020086e+02
 2.28586230e+08 4.42396212e+08 5.37778351e+08 9.82570300e+07
 5.43771274e+02 1.31786871e+08 5.37937290e+08 3.04035182e+08
 7.90610931e+07 2.53642889e+08 5.63065054e+08 3.45787530e+02
 3.70914964e+08 6.00834360e+08 5.12757244e+08 1.17176141e+08
 3.68209462e+08 4.08779321e+08 1.08668131e+06 5.41064779e+08
 1.43327865e+08 4.96484630e+08 1.77659328e+08 3.45393618e+08
 2.79755384e+08 4.13429946e+02 6.91296061e+08 2.97428337e+08
 8.86456324e+07 2.60007065e+08 5.34006230e+02 6.74998723e+02
 6.39657391e+08 5.70990692e+08 1.45384071e+08 4.54557016e+08
 4.63523691e+08 1.16919324e+08 4.77442488e+08 6.79005592e+08
 2.04133613e+08 8.56205166e+07 2.46915301e+08 5.46259257e+02
 3.14058098e+02 5.27302932e+02 6.79494832e+08 4.17356863e+08
 1.57509209e+08 6.21088275e+08 4.38622391e+02 3.82505800e+08
 6.78394003e+08 9.52098045e+07 3.81690943e+08 4.98055777e+08
 3.45304127e+02 6.11888264e+08 4.49487250e+08 1.50268251e+08
 4.69372076e+08 4.64981404e+02 1.42086892e+02 6.14209237e+08
 5.38660217e+08 1.06725656e+08 3.24587033e+08 4.76429058e+02
 1.49684160e+02 5.56067320e+08 9.71926778e+08 3.76748847e+08
 1.24276217e+08 3.08181024e+08 4.88838537e+08 3.28781373e+08
 5.18630570e+08 7.13509649e+08 1.73532620e+08 3.51235837e+08
 5.82149487e+08 2.86917924e+02 4.03168999e+08 6.04376900e+08
 3.06055753e+08 2.22865284e+08 4.75922088e+08 4.71262817e+08
 1.76307295e+08 4.99456577e+08 6.34634593e+08 8.31546924e+07
 2.23240906e+08 4.39398655e+02 2.59377828e+08 6.24930197e+08
 7.58671039e+08 1.24928450e+08 3.29378003e+08 5.44766965e+08
 4.35659747e+08 4.29276483e+08 7.24226097e+08 4.45600479e+08
 3.10926826e+08 6.45895794e+08 7.66873917e+02 4.94536928e+08
 1.01452444e+09 4.00152365e+08 1.94450252e+08 5.08594011e+08
 6.93010484e+02 2.97438562e+08 7.44464589e+08 2.88323539e+08
 3.98350320e+08 6.78583679e+02 2.28895179e+08 5.26650560e+08
 4.04467267e+08 4.02689294e+08 4.03992911e+02 4.68595336e+02
 5.68507961e+08 2.23754409e+08 2.66876112e+08 4.94085338e+08
 4.27465555e+07 1.67424057e+03 2.01530522e+08 4.56531909e+08
 5.07844414e+02 1.93373758e+08 5.25693074e+08 5.14830463e+08
 1.55038206e+08 5.09264469e+08 4.58180698e+08 6.22167931e+08
 7.42999004e+08 1.16448012e+08 4.23602677e+08 3.73998868e+02
 4.88415702e+08 7.91666771e+08 9.34992971e+07 4.86821296e+08
 2.02034117e+08 7.96978517e+08 7.01889159e+08 1.97695083e+08
 6.31103609e+08 5.46643454e+08 2.70680072e+02 6.76459308e+08
 9.78004272e+08 1.87611256e+08 3.75482421e+08 6.38389791e+08
 4.85596274e+08 5.81557852e+02 8.47399094e+08 8.30390678e+08
 3.20351874e+08 3.82544228e+08 7.23027906e+08 3.16948157e+02
 3.94421895e+08 9.01193745e+08 5.24506375e+08 4.60919458e+08
 7.39490305e+02 1.87943971e+08 1.04222489e+09 2.24475615e+08
 4.68470903e+08 6.51755733e+08 1.73767880e+08 8.79413223e+08
 7.74379800e+08 4.23325847e+08 2.50866850e+08 1.06468317e+09
 2.31023436e+08 8.29228088e+08 1.11969605e+09 2.85353240e+08
 4.66272261e+08 7.57225381e+08 4.30084578e+02 4.80488159e+08
 1.12032564e+09 2.25507196e+08 5.56715982e+08 5.94231187e+08
 5.81320183e+08 6.49434251e+08 1.22309731e+09 5.89472033e+08
 4.44211622e+08 8.07929510e+08 4.16356166e+08 1.45457705e+09
 5.76947998e+08 2.13203323e+08 7.49686374e+08 7.01217235e+08
 2.77114288e+08]
